Name,Email,Unit,Group,Phone
Water Street,200@yopmail.com,111,Pakistan,12163547759
Water Street B,2001@yopmail.com,111,Pakistan,12163547759
Water Street C,2002@yopmail.com,111,Pakistan,12163547759
